 20  21  22  23  24  25  26  27  28  29  30  31  32  33  66  65  66  67  62  61  60  59  58  57  58  73  72  71  70  69  68  67  66  67  68  69  70  71  72  73  74  75  76  77  78  79  80  81  82  83  84  85  86  87  88  89  90  91  92  93  94  95  96  97  98  99
 19  20  21  22  23  24  25  26  27  28  29  30  31  66  65  64  65  66  67  60  59  58  57  56  57  58  59  60  61  62  63  64  65  66  67  68  69  70  71  72  73  74  75  76  77  78  79  80  81  82  83  84  85  86  87  88  89  90  91  92  93  94  95  96  97  98
 18  19  20  21  22  23  24  25  26  27  28  29  30  31  64  63  64  65  60  59  58  57  56  55  56  57  58  59  60  61  62  63  64  65  66  67  68  69  70  71  72  73  74  75  76  77  78  81  82  83  84  85  86  87  88  89  90  91  92  93  94  95  96  97  98  99
 17  18  19  20  21  22  23  24  25  26  27  28  29  30  31  62  61  60  59  58  57  56  55  54  55  56  57  58  59  60  61  62  63  64  65  66  67  68  69  70  71  72  73  74  75  76  77  82  83  84  85  86  87  88  89  90  91  92  93  94  95  98  97 100  99 100
 16  17  18  19  20  21  22  23  24  25  26 INF INF  31  32  61  60  59  58  57  56  55  54  53  54  55  56  57  58  59  60  61  62  63  64  65  66  67  68  69  70  71  72  73  74  75  76  83  84  85  86  87  88  89  90  91  92  93  94  95  96  97  98  99 100 101
 15  16  17  18  19  20  21  22  23  24  25  26  27  62  61  60  59  58  57  56  55  54  53  52  53  54  55  56  57  58  59  60  61  62  63  64  65  66  67  68  69  72  73  74  73  74  75  84  85  86  87  88  89  90  91  92  93  94  95  96  97  98  99 100 101 102
 14  15  16  17  18  19  20  21  22  23  24  25  26  61  60  59  58  57  56  55  54  53  52  51  52  53  54  55  56  57  58  59  60  61  62  63  64  65  66  67  68  69  70  75  72  73  74  85  86  87  88  89  90  91  92  93  94  95  96  97  98  99 100 101 102 103
 13  14  15  16  17  18  19  20  21  22  23  24  25  62  27  28  29  56  55  54  53  52  51  50  51  52  53  54  55  56  57  58  59  60  61  62  63  64  65  66  67  68  69  70  71 144 145 146 147 148 149 150 151  92  93  94  95  96  97  98  99 100 101 102 103 104
 12  13  14  15  16  17  18  19  20  21  22  23  24  25  26  27  28  55  54  53  52  51  50  49  50  51  52  53  54  55  56  57  58  59  60 133 134 135 136 137 138 139 140 141 142 143 144 145 146 147 148 149 150  93  94  95  96  97  98  99 100 101 102 103 104 105
 11  12  13  14  15  16  17  18  19  20  21  22  23  24  25  26  55  54  53  52  51  50  49  48  49  50  51  52  53  54  55  56  57  58 131 132 133 134 135 136 137 138 139 140 141 142 143 144 239 240 149 150 151 152  95  96  97  98  99 100 101 102 103 104 105 106
 10  11  12  13  14  15  16  17  18  19  20  21  22  23  56  55  54  53  52  51  50  49  48  47  48  49  50  51  52  53  54  55  56 129 130 131 132 133 134 135 136 137 138 139 140 235 236 237 238 239 240 241 152 153 154  97  98  99 100 101 102 103 104 105 106 107
  9  10  11  12  13  14  15  18  19  18  19  20  21  22  23  54  53  52  51  50  49  48  47  46  47  48  49  50  53  52  53  56 127 128 129 130 225 226 227 228 229 230 231 232 233 234 235 236 237 238 239 240 153 154 155  98  99 100 101 102 103 104 105 106 107 108
  8   9  10  11  12  13  14  15  16  17  18  19  20  21  22  23  54  53  52  51  32  47  46  45  46  47  48  49  50  51  52  57 126 127 128 223 224 225 226 227 228 229 230 231 232 233 234 305 306 239 240 241 242 155 156  99 100 101 102 103 108 107 106 107 108 109
  7   8   9  10  11  12  13  14  15  16  17  18  23  22  23  24  25  54  29  30  31  46  45  44  45  46  47  48  49  50  51  52 125 126 127 222 223 224 225 296 297 298 231 232 233 302 303 304 305 306 241 242 243 156 157 100 101 102 103 104 109 108 107 108 109 110
  6   7   8   9  10  11  12  13  14  15  22  21  22  23  24  25  26  27  28  29  30  45  44  43  44  45  46  47  48  49  50  51 124 125 222 221 222 295 294 295 296 297 298 299 300 301 302 303 304 305 306 243 244 157 158 159 116 115 104 105 110 109 108 109 110 111
  5   6   7   8   9  10  11  12  13  14  15  20  21  22  23  24  25  26  27  28  29  44  43  42  43  44  45  46  47  48  49  50 123 124 221 220 221 294 293 294 295 296 297 298 299 300 347 348 305 306 307 244 245 158 159 160 115 114 113 112 111 110 109 110 111 112
  4   5   6   7   8   9  10  11  12  13  14  19  20  21  22  23  24  25  26  27  28  29  30  41  42  43  44  45  46  47  48  49 122 123 124 219 220 293 292 293 340 341 342 299 300 345 346 347 348 307 308 245 246 159 160 161 162 113 112 111 110 111 110 111 112 113
  3   4   5   6   7   8   9  10  15  14  17  18  19  20  21  22  23  24  25  26  27  28  29  40  41  42  43  44  45  46  47  48 121 122 123 218 219 292 291 292 339 340 341 342 343 344 345 346 309 308 247 246 247 248 161 162 163 112 111 110 109 110 111 112 113 114
  2   3   4   5   8   9  10  13  14  15  16  17  18  19  20  21  22  23  24  25  26  27  28  39  40  41  42  43  44  45  46  47 120 121 122 217 218 291 290 291 338 339 340 341 342 343 344 345 310 309 310 247 248 249 250 163 164 165 110 109 108 109 110 111 112 113
  1   2   3   4   9  10  11  12  13  14  15  16  17  18  19  20  21  22  23  24  37  36  37  38  39  40  41  42  43  44  45  46 119 120 121 216 217 218 289 290 337 338 339 340 341 342 343 344 311 310 311 312 249 250 251 252 165 166 167 108 107 108 109 110 111 112
  0   3   4   5  10  11  12  13  14  15  16  17  18  19  20  21  22  23  24  25  36  35  36  37  38  39  40  41  42  43  44 117 118 119 214 215 216 287 288 289 336 337 338   X 340 341 342 343 344 345 312 313 314 251 252 253 166 167 168 107 106 107 108 109 110 111
  1   2   3   4   5   6  13  14  15  16  17  18  19  20  21  22  23  24  25  36  35  34  35  36  37  38  39  40  41  42  43 116 117 118 213 214 215 286 287 288 335 336 337 338 339 340 341 342 343 344 345 314 315 316 253 254 255 168 169 170 105 106 107 108 109 110
  2   3   4   5   6   7  14  15  16  17  18  19  20  21  22  23  24  25  26  35  34  33  34  35  36  37  38  39  40  41 116 115 116 213 212 213 286 285 286 335 334 335 336 337 338 339 340 341 342 343 316 315 316 317 254 255 256 169 170 171 104 105 106 107 108 109
  3   4   5   6   7  14  15  16  17  18  19  20  23  22  23  24  25  26  27  28  33  32  33  34  35  36  37  38  39  40 115 114 115 212 211 212 285 284 335 334 333 332 331 330 339 340 341 320 319 318 317 316 317 256 255 256 171 170 171 172 103 104 105 106 107 108
  4   5   6   7  12  13  14  15  16  17  18  19  22  23  24  25  26  27  28  29  30  31  32  33  34  35  36  37  38  39 114 113 114 211 210 285 284 283 334 333 332 331 330 329 340 341 342 321 320 319 318 317 258 257 256 257 172 171 172 101 102 103 104 105 106 107
  5   6   7   8  11  12  13  14  15  16  17  18  21  22  23  24  25  26  27  28  29  30  31  32  33  34  37  38  39  40 113 112 211 210 209 284 283 282 281 280 333 332 277 328 327 342 343 322 321 262 261 260 259 258 257 174 173 172 173 100 101 102 103 104 105 106
  6   7   8   9  10  11  12  13  14  15  16  17  20  21  22  23  24  25  26  27  28  29  30  31  32  33  38  37  40  41 112 111 110 209 208 207 282 281 280 279 278 277 276 327 326 325 324 323 322 263 262 261 178 177 176 175 174  97  98  99 100 101 102 103 104 105
  7   8   9  10  11  12  13  14  15  16  17  18  19  20  21  22  23  24  25  26  27  28  29 INF  33  34  35  36  37  42 111 110 109 208 207 206 205 204 279 278 277 276 275 274 327 326 325 324 265 264 263 180 179 178 177 176  95  96  97  98  99 100 101 102 103 104
  8   9  10  11  12  13  14  15  16  17  18  19  20  21  22  23  24  25  26  27  28  29  30  31  32  33  34  35  36  43 110 109 108 107 206 205 204 203 202 201 200 199 274 273 272 327 326 325 266 265 182 181 180 179  92  93  94  95  96  97  98 101 100 101 102 103
  9  10  11  12  13  14  15  16  17  18  19  20  21  22  23  24  25  26  27  28  29  30  31  32  33  34  35  46  45  44  45 108 107 106 105 204 203 202 201 200 199 198 197 272 271 270 269 268 267 266 183 182 181  90  91  92  93  94  95  96  97 100  99 100 101 102
 10  11  12  13  14  15  16  17  18  19  20  21  22  23  24  25  26  27  28  29  30  31  32  33  34  35  36  37  46  45  46  47 106 105 104 103 102 101 100 199 198 197 196 195 272 271 270 269 268 185 184 183  88  89  90  91  92  93  94  95  96  99  98  99 100 101
 11  12  13  14  15  16  17  18  19  20  21  22  23  24  25  26  27  28  29  30  31  32  33  34  35  36  37  38  47  46  47  48  49 104 103 102 101 100  99  98  97 196 195 194 273 272 271 270 269 186 185 184  87  88  89  90  91  92  93  94  95  96  97  98  99 100
 12  13  14  15  16  17  18  19  20  21  22  23  24  25  26  27  28  29  30  31  32  33 INF  35  36  37  38  49  48  47  48  49  50  51  52  53 100  99  98  97  96  95 194 193 192 191 190 189 188 187 186  85  86  87  88  89  90  91  92  93  94  95  96  97  98  99
 13  14  15  16  17  18  19  20  21  22  23  24  25  26  27  28  29  30  31  32  33  34  35  36  37  38  39  50  49  48  49  50  51  52  53  54  55  56  57  96  95  94  93 194 193 192 191 190 189 188  85  84  85  86  87  88  89  90  91  92  93  94  95  96  97  98
 14  15  16  17  18  19  20  21  22  23  24  25  26  27  28  29  30  31  38  33  34  35  36  37  38  39  40  41  42  49  50  51  52  53  54  55  56  57  58  59  94  93  92  91 194 193 192 191 190  85  84  83  84  85  86  87  88  89  90  91  92  93  94  95  96  97
 15  16  17  18  19  20  21  22  23  24  25  26  27  28  29  30  31  36  37  34  35  36  37  38  39  40  41  42  43  44  51  52  53  54  55  56  57  58  59  60  61  92  91  90  89  88  87  86  85  84  83  82  83  84  85  86  87  88  89  90  91  92  93  94  95  96
 16  17  18  19  20  21  22  23  24  25  26  27  28  29  30  31  32  35  36  35  36  37  38  39  40  41  42  43  44  45  52  53  54  55  56  57  58  59  60  61  62  63  64  91  90  89  88  87  86  85  84  81  82  83  84  85  86  87  88  89  90  91  92  93  94  95
 17  18  19  20  21  22  23  24  25  26  27  28  29  30  31  32  33  34  35  36  37  38  39  40  41  42  43  56  55  54  53  54  55  56  57  58  59  60  61  62  63  64  65  70  91  90  89  88  87  78  79  80  81  82  83  84  85  86  87  88  89  90  91  92  93  94
 18  19  20  21  22  23  24  25  26  27  28  29  30  31  32  33  34  35  36  37  38  39  40  41  42  43  44  45  56  55  54  55  56  57  58  59  60  61  62  63  64  65  68  69  70  71  72  73  74  77  78  79  80  81  82  83  84  85  86  87  88  89  90  93  92  93
 19  20  21  22  23  24  25  26  27  28  29  32  31  32  33  34  35  36  37  38  39  40  41  42  43  44  45  58  57  56  55  56  57  58  59  60  61  62  63  64  65  66  67  68  69  70  71  72  73  76  77  78  79  80  81  82  83  84  85  86  87  88  89  90  91  92
 20  21  22  25  24  25  26  27  28  29  30  31  32  33  34  35  36  37  38  39  40  41  42  43  44  45  46  47  48  57  56  57  58  59  60  61  62  63  64  65  66  67  68  69  70  71  72  73  74  75  76  77  78  79  80  81  82  83  84  85  86  87  88  89  90  91
Start: #<struct Node height="S", cost=0, x=0, y=20>
Solution part1: #<struct Node height="E", cost=341, x=43, y=20>
